
      60.0000      72.2351     0.521410      239.000
      59.5000      68.5050     0.218123      300.000
      59.0000      67.9099    -0.245903      313.000
      58.5000      70.6090    -0.785620      315.000
      58.0000      75.6041     -1.13733      266.000
      57.5000      82.1389     -1.08974      236.000
      57.0000      91.9676    -0.633860      238.000
      56.5000      97.9021    -0.359797      384.000
      56.0000      97.4955     0.274677      345.000
      55.5000      91.6869     0.181397      205.000
      55.0000      79.9984    -0.124856      188.000
      54.5000      67.1823     0.135323      236.000
      54.0000      55.2444     0.466681      241.000
      53.5000      40.6630     0.926764      171.000
      53.0000      31.4135      1.36031      217.000
      52.5000      21.9130      1.47911      246.000
      52.0000      13.2025      1.42805      214.000
      51.5000      8.65771     0.370096      234.000
      51.0000      3.02592     0.219393      250.000
      50.5000    -0.448236     0.310840      272.000
      50.0000     -1.92070     0.110548      256.000
      49.5000     -1.55657    -0.231208      286.000
      49.0000   -0.0744702    -0.434942      278.000
      48.5000      2.26099    -0.314366      292.000
      48.0000      5.29296    -0.123341      304.000
      47.5000      8.19694    -0.215603      282.000
      47.0000      14.2083    -0.312857      272.000
      46.5000      20.4643    -0.321233      277.000
      46.0000      24.7986     -2.50960      493.000
      45.5000      41.4180     -2.83315      534.000
      45.0000      48.1604     -3.04029      585.000
      44.5000      55.2306     -1.68277      599.000
      44.0000      94.0900    -0.955963      335.000
      43.5000      104.251     -6.20166      278.000
      43.0000      136.000     -5.44791      402.000
      42.5000      153.316     -5.42600      285.000
      42.0000      156.939    -0.148368      294.000
      41.5000      151.220      2.93835      329.000
      41.0000      126.992      1.36531      456.000
      40.5000      95.1268      1.18543      481.000
      40.0000      85.0096      1.63469      515.000
      39.5000      70.8800      2.86191      499.000
      39.0000      48.4233      2.75985      451.000
      38.5000      30.3600    0.0721476      359.000
      38.0000      16.6724     0.169869      521.000
      37.5000      7.11153     0.629205      563.000
      37.0000     -1.09519    -0.136616      626.000
      36.5000     -7.91592    -0.304304      699.000
      36.0000     -12.7888    -0.305212      668.000
      35.5000     -17.3681    -0.230813      647.000
      35.0000     -19.6870    -0.167958      797.000
      34.5000     -21.4276    -0.169028      749.000
      34.0000     -22.2841    -0.112721      672.000
      33.5000     -20.5065   -0.0988123      871.000
      33.0000     -16.7554    -0.135903      836.000
      32.5000     -10.6200    -0.871364      648.000
      32.0000      2.88594     -1.45350      770.000
      31.5000      16.5821     -2.28397      693.000
      31.0000      30.6521     -2.20507      621.000
      30.5000      47.8701     -1.79013      626.000
      30.0000      54.8209    -0.941990      803.000
      29.5000      58.4619    -0.284888      867.000
      29.0000      59.7777    -0.142047      870.000
      28.5000      60.4004    -0.117379      910.000
      28.0000      61.7228    -0.273320      822.000
      27.5000      67.5168    -0.581298      764.000
      27.0000      75.0899    -0.754587      806.000
      26.5000      75.6330    -0.618392      834.000
      26.0000      74.0327    -0.367236      605.000
      25.5000      73.7640    -0.339490      818.000
      25.0000      75.8497    -0.571292      835.000
      24.5000      80.8963    -0.620010      826.000
      24.0000      86.5183    -0.663174      833.000
      23.5000      91.8115    -0.400508      822.000
      23.0000      97.2478    -0.269121      780.000
      22.5000      104.459   -0.0751093      793.000
      22.0000      110.989    -0.425252      719.000
      21.5000      120.398    -0.540831      780.000
      21.0000      129.262    -0.807654      708.000
      20.5000      138.016    -0.621880      603.000
      20.0000      148.779    -0.491424      642.000
      19.5000      157.605     -1.19084      631.000
      19.0000      168.096     -1.52570      628.000
      18.5000      175.709     -1.55661      571.000
      18.0000      181.478    -0.514413      559.000
      17.5000      189.516   -0.0610516      455.000
      17.0000      196.844    -0.389228      477.000
      16.5000      202.607     -2.96696      515.000
      16.0000      209.025     -6.81061      512.000
      15.5000      216.579     -9.89371      483.000
      15.0000      225.940     -12.5295      423.000
      14.5000      240.745     -10.6311      447.000
      14.0000      253.741     -6.77514      411.000
      13.5000      264.613     -12.6314      369.000
      13.0000      286.226     -11.1884      273.000
      12.5000      304.964     -14.3854      269.000
      12.0000      314.670     -6.25658      275.000
      11.5000      323.164     -9.23133      199.000
      11.0000      334.801     -9.44243      190.000
      10.5000      351.589     -9.03646      200.000
      10.0000      359.847     -7.39181      260.000
      9.50000      369.483     -4.73534      234.000
      9.00000      388.358     -5.09580      104.000
      8.50000      392.401     -4.38250      248.000
      8.00000      396.090     -4.08607      303.000
      7.50000      397.187    -0.514271      314.000
      7.00000      397.042      1.93488      342.000
      6.50000      396.539      4.22969      343.000
      6.00000      391.977      2.95362      248.000
      5.50000      392.319     -1.59022      99.0000
     -6.50000      371.185     0.108863      339.000
     -7.00000      371.924    -0.804352      376.000
     -7.50000      371.260    -0.486842      333.000
     -8.00000      369.851    -0.221937      299.000
     -8.50000      366.946      1.40079      267.000
     -9.00000      362.468      1.65091      306.000
     -9.50000      356.210      2.83768      293.000
     -10.0000      348.268      2.59794      310.000
     -10.5000      341.315      5.00706      298.000
     -11.0000      329.303      7.64746      319.000
     -11.5000      315.480      8.31856      376.000
     -12.0000      300.733      6.41970      399.000
     -12.5000      286.401      2.71521      342.000
     -13.0000      270.485      1.46034      303.000
     -13.5000      260.153     0.179628      503.000
     -14.0000      251.767     0.248827      476.000
     -14.5000      245.476     0.837186      508.000
     -15.0000      237.427     0.871724      539.000
     -15.5000      229.532     0.403386      551.000
     -16.0000      220.386     0.174879      524.000
     -16.5000      210.819     0.656110      552.000
     -17.0000      201.601      1.47315      397.000
     -17.5000      186.743      1.68390      308.000
     -18.0000      172.028      1.34271      303.000
     -18.5000      164.282     0.742366      529.000
     -19.0000      156.968    0.0640563      579.000
     -19.5000      137.544     0.163459      180.000
     -20.0000      135.655    -0.101945      525.000
     -20.5000      131.667   -0.0723108      687.000
     -21.0000      129.223    -0.432693      611.000
     -21.5000      122.002    -0.277128      307.000
     -22.0000      113.251    -0.237119      421.000
     -22.5000      109.321    -0.220391      383.000
     -23.0000      95.4714   -0.0986775      260.000
     -23.5000      79.9217      2.27776      277.000
     -24.0000      71.1099      2.89020      315.000
     -24.5000      65.0690      2.58920      464.000
     -25.0000      60.7307     0.243204      605.000
     -25.5000      60.8467    -0.415574      517.000
     -26.0000      70.2220    -0.146422      501.000
     -26.5000      78.5791    -0.662620      486.000
     -27.0000      91.1071   -0.0791236      622.000
     -27.5000      92.0463      1.24753      612.000
     -28.0000      82.9418      1.89130      403.000
     -28.5000      69.9688      1.46981      469.000
     -29.0000      63.4690     0.300300      643.000
     -29.5000      60.0762     0.359342      722.000
     -30.0000      57.6063     0.780211      816.000
     -30.5000      54.9204      2.07322      683.000
     -31.0000      47.6805      3.13736      425.000
     -31.5000      30.3295      3.74321      412.000
     -32.0000      21.0282      2.03791      397.000
     -32.5000      2.90184     0.965566      264.000
     -33.0000     -1.21622     0.517313      450.000
     -33.5000     -6.57588      1.00804      576.000
     -34.0000     -8.68557     0.946905      669.000
     -34.5000     -9.11111     0.739128      633.000
     -35.0000     -8.35811     0.443636      696.000
     -35.5000     -7.41327     0.423544      520.000
     -36.0000     -3.74995     0.766124      467.000
     -36.5000     0.283010     0.736195      494.000
     -37.0000      3.23537     0.116694      386.000
     -37.5000      8.10381     -1.47400      337.000
     -38.0000      17.4532     -1.77815      371.000
     -38.5000      26.4920     -2.31415      325.000
     -39.0000      37.3674     -2.08422      325.000
     -39.5000      47.4902     -1.82210      297.000
     -40.0000      63.1401    -0.459081      341.000
     -40.5000      72.9155      1.04929      220.000
     -43.5000      124.761    -0.472559      97.0000
     -44.0000      104.388      3.34539      172.000
     -44.5000      89.8438      3.36074      264.000
     -45.0000      71.9533     0.124035      308.000
     -45.5000      59.3935     0.690615      465.000
     -46.0000      51.2838      1.05319      352.000
     -46.5000      42.3024      1.38849      423.000
     -47.0000      34.7179     0.561920      406.000
     -47.5000      28.4195     0.401362      342.000
     -48.0000      24.8581   -0.0201421      432.000
     -48.5000      23.7671    -0.392274      476.000
     -49.0000      24.8086    -0.900967      540.000
     -49.5000      27.9921    -0.481145      483.000
     -50.0000      32.9007     0.222274      385.000
     -50.5000      40.8523     0.995476      310.000
     -51.0000      50.6614     -1.25195      263.000
     -51.5000      62.0203     -2.16527      228.000
     -52.0000      73.6360     -2.59141      160.000
     -52.5000      83.0471    0.0817271      219.000
     -53.0000      99.3723    -0.126583      297.000
     -53.5000      103.486     -4.07425      181.000
     -54.0000      111.001     -12.1484      184.000
     -57.5000      30.8202      3.42547      224.000
     -58.0000      28.0292      2.12334      476.000
     -58.5000      22.7637      1.17884      583.000
     -59.0000      16.0081      1.67328      403.000
     -59.5000      11.4911      1.40210      434.000
     -60.0000      7.24272      1.54542      368.000
     -60.5000      2.91065      1.62333      408.000
     -61.0000     -1.17425      1.39009      379.000
     -61.5000     -5.66358      1.26121      319.000
     -62.0000     -8.82191     0.491961      334.000
     -62.5000     -12.0531     0.223779      243.000
     -63.0000     -14.4613   -0.0768998      199.000
     -63.5000     -16.6193    -0.304028      270.000
     -64.0000     -17.6939    -0.407975      302.000
     -64.5000     -16.8591    -0.364308      252.000
     -65.0000     -16.1911     0.202121      230.000
     -65.5000     -15.0069    -0.104915      270.000
     -66.0000     -12.3320    -0.117260      309.000
     -66.5000     -8.61551    -0.526236      371.000
     -67.0000     -4.31694   -0.0783267      250.000
     -67.5000     0.324612     0.295848      259.000
